11.996
12.973
14.011
3.022
1.9841
4.9756
1.9841
3.9988
3.9988
6.0134
6.0134
0.030525
1.9841
12.973
32.021
14.988
14.988
24.023
16.026
25.977
22.985
34.035
27.015
38.004
43.01
64.011
64.011
82.998
80.006
80.006
102.05
118.04
111.02
125
125
125
125
125
125
108.03
110.04
124.02
116.03
101.01
102.05
100.03
88.004
74.023
80.006
64.988
61.996
51.007
51.007
55.037
43.01
48.016
50.031
38.98
38.004
40.995
37.027
30.006
34.035
19.994
17.002
22.009
22.009
12.973
9.9817
16.026
11.996
3.022
3.022
0.030525
1.0073
-4.9756
3.9988
3.9988
-6.9902
4.9756
8.0281
0.030525
-1.0073
-11.02
-9.0049
-6.9902
-16.026
-8.0281
-6.0134
-9.9817
-11.02
-8.0281
-11.02
-14.011
-12.973
-11.996
-11.996
-6.0134
-17.002
-9.9817
-14.988
-21.032
-11.02
-17.002
-17.979
-9.0049
-14.988
-11.02
-11.02
-9.0049
-12.973
-8.0281
-6.0134
-1.9841
-8.0281
-3.022
-4.9756
-11.02
-8.0281
-3.022
-11.02
-6.9902
-8.0281
-12.973
-8.0281
-11.996
-16.026
-14.988
-12.973
-17.002
-17.002
-11.02
-17.979
-11.996
-17.979
-24.023
-22.985
-40.018
-43.01
-53.999
-51.984
-46.978
-43.987
-40.995
-38.004
-46.001
-46.001
-58.028
-59.005
-64.011
-69.994
-79.029
-80.006
-97.039
-97.039
-92.033
-88.004
-89.042
-77.015
-82.021
-72.985
-64.011
-67.002
-51.984
-51.984
-48.016
-45.024
-40.995
-38.004
-30.006
-30.006
-35.012
-30.983
-29.029
-29.029
-27.991
-27.015
-17.002
-16.026
-12.973
-11.996
-11.02
-14.011
-14.988
-17.002
-9.9817
-11.996
-8.0281
-6.9902
-4.9756
-4.9756
-11.02
-11.996
-3.9988
-1.0073
1.0073
-1.0073
4.9756
3.9988
-1.0073
0.030525
1.0073
-3.022
0.030525
1.9841
0.030525
-3.9988
3.9988
1.9841
9.0049
9.0049
17.002
19.017
27.991
12.973
22.985
24.023
24.023
17.979
22.009
19.017
21.032
16.026
21.032
19.017
11.996
9.9817
14.988
8.0281
1.9841
0.030525
-4.9756
-6.9902
-8.0281
-16.026
-25
-25.977
-25
-27.991
-38.98
-40.995
-38.98
-38.98
-34.035
-32.998
-35.012
-32.021
-29.029
-27.991
-27.991
-22.009
-19.994
-19.017
-24.023
-22.009
-17.979
-17.979
-17.002
-22.009
-17.979
-17.979
-19.017
-17.002
-11.996
-12.973
-12.973
-11.02
-6.9902
-6.0134
-1.0073
-3.022
-4.9756
-3.022
0.030525
1.0073
1.9841
1.0073
1.9841
0.030525
1.9841
0.030525
1.9841
4.9756
6.0134
6.9902
3.9988
3.9988
6.9902
9.0049
11.02
9.0049
9.9817
11.02
16.026
16.026
22.009
19.994
19.017
22.009
29.029
35.012
42.033
46.978
56.013
58.028
61.996
64.988
71.032
69.994
67.002
67.002
56.99
51.007
46.001
43.01
30.006
25.977
16.026
14.011
1.9841
0.030525
-8.0281
-11.996
-17.979
-22.985
-29.029
-27.991
-29.029
-27.015
-25
-21.032
-19.017
-16.026
-19.994
-19.994
-16.026
-16.026
-12.973
-14.988
-14.011
-12.973
-11.02
-14.011
-11.996
-12.973
-4.9756
-4.9756
0.030525
1.9841
6.9902
9.0049
3.022
4.9756
-1.0073
-6.0134
-8.0281
-6.0134
-3.9988
1.9841
3.022
3.022
1.0073
3.022
1.9841
3.022
0.030525
1.0073
3.022
3.9988
1.0073
0.030525
1.9841
1.0073
3.022
3.022
3.9988
6.0134
3.9988
4.9756
1.9841
3.022
3.9988
6.0134
9.9817
11.02
6.0134
3.9988
6.9902
4.9756
3.9988
6.9902
8.0281
6.0134
4.9756
3.022
-1.0073
3.9988
1.0073
1.9841
0.030525
0.030525
3.9988
3.022
1.0073
0.030525
-1.9841
-1.0073
0.030525
1.9841
0.030525
-3.022
0.030525
1.0073
3.9988
0.030525
0.030525
0.030525
1.0073
4.9756
3.022
3.022
3.022
3.022
4.9756
4.9756
3.022
6.9902
3.022
3.022
3.9988
4.9756
1.9841
3.022
3.9988
1.9841
0.030525
0.030525
0.030525
1.0073
4.9756
0.030525
0.030525
-1.0073
0.030525
1.0073
6.0134
8.0281
3.022
3.022
1.0073
1.9841
4.9756
4.9756
4.9756
6.0134
8.0281
6.9902
9.0049
3.9988
3.022
3.022
6.0134
3.9988
0.030525
4.9756
0.030525
-1.0073
1.0073
3.9988
4.9756
3.022
3.9988
1.9841
-1.0073
0.030525
0.030525
0.030525
6.0134
6.9902
1.9841
1.9841
3.022
3.022
0.030525
0.030525
0.030525
0.030525
3.022
0.030525
-3.022
-3.022
0.030525
0.030525
3.9988
3.9988
0.030525
1.9841
0.030525
0.030525
3.022
3.022
1.9841
1.9841
1.0073
3.022
1.9841
3.022
3.022
3.022
0.030525
0.030525
1.9841
4.9756
1.0073
0.030525
3.022
3.9988
0.030525
0.030525
0.030525
1.0073
0.030525
0.030525
0.030525
1.9841
1.0073
0.030525
-1.9841
0.030525
0.030525
3.022
0.030525
1.9841
6.0134
3.022
1.0073
0.030525
6.0134
8.0281
3.9988
3.9988
0.030525
1.0073
0.030525
0.030525
0.030525
3.022
1.9841
1.9841
3.9988
1.9841
3.022
0.030525
3.022
6.0134
3.9988
3.022
0.030525
0.030525
1.0073
1.0073
1.0073
0.030525
-1.0073
-1.0073
3.022
3.022
0.030525
3.022
4.9756
3.022
0.030525
0.030525
1.9841
3.022
6.9902
3.9988
1.9841
1.0073
-3.022
0.030525
-1.9841
-1.0073
0.030525
0.030525
1.9841
-3.022
3.022
3.022
1.9841
3.022
0.030525
3.9988
3.022
3.9988
0.030525
-1.0073
0.030525
0.030525
1.9841
0.030525
1.9841
0.030525
-1.0073
-1.9841
0.030525
0.030525
-3.9988
-1.0073
0.030525
-1.9841
0.030525
-1.0073
3.022
3.9988
1.9841
3.022
-1.9841
-1.9841
0.030525
0.030525
-3.022
-1.0073
1.9841
1.9841
3.022
6.0134
1.9841
3.022
0.030525
0.030525
3.022
1.0073
-1.9841
-3.022
-1.0073
-1.9841
-3.9988
-3.9988
0.030525
0.030525
0.030525
-1.0073
-3.9988
1.9841
8.0281
8.0281
6.9902
6.0134
1.0073
1.9841
1.0073
1.0073
0.030525
0.030525
3.022
4.9756
4.9756
3.022
1.9841
1.0073
0.030525
1.0073
-3.022
0.030525
-1.0073
0.030525
0.030525
-1.0073
1.9841
1.0073
0.030525
0.030525
3.9988
3.022
-1.9841
-3.9988
-1.9841
-4.9756
1.0073
1.9841
6.0134
0.030525
-3.9988
-3.9988
-1.9841
0.030525
-1.9841
1.0073
-3.022
-3.9988
-1.9841
-1.0073
1.0073
3.022
1.9841
0.030525
1.0073
0.030525
1.0073
-1.0073
0.030525
-1.9841
0.030525
-3.022
1.0073
3.022
0.030525
3.9988
9.0049
3.9988
9.0049
3.9988
8.0281
9.9817
3.9988
4.9756
4.9756
4.9756
-1.0073
-1.0073
-3.022
-1.0073
0.030525
0.030525
-3.022
-1.9841
-4.9756
-8.0281
-3.9988
-3.9988
0.030525
1.9841
0.030525
0.030525
-1.0073
-1.9841
0.030525
0.030525
0.030525
0.030525
-3.022
-3.022
-6.0134
-6.0134
-4.9756
-4.9756
-3.022
0.030525
0.030525
-1.0073
3.9988
1.9841
6.9902
8.0281
6.0134
8.0281
3.022
1.9841
1.9841
3.9988
1.0073
3.9988
4.9756
4.9756
3.9988
1.0073
0.030525
-1.9841
0.030525
-1.9841
-6.0134
-11.02
-6.9902
-4.9756
0.030525
0.030525
-4.9756
-3.9988
-1.9841
-3.022
-3.022
-3.022
-6.0134
-8.0281
-1.0073
0.030525
-3.9988
-6.9902
-3.022
-1.0073
-1.9841
-3.022
-3.9988
-6.0134
0.030525
0.030525
1.0073
-1.9841
-1.9841
0.030525
-1.0073
-1.0073
0.030525
-3.022
-3.022
-3.9988
-4.9756
-3.9988
-3.022
-3.022
-3.9988
-4.9756
-6.0134
-4.9756
0.030525
0.030525
-3.022
0.030525
0.030525
1.9841
3.9988
3.022
6.0134
3.9988
6.0134
3.9988
0.030525
0.030525
3.022
1.0073
3.022
3.022
0.030525
0.030525
-1.9841
0.030525
-1.9841
-1.0073
-1.9841
1.0073
-1.0073
0.030525
1.9841
1.9841
1.0073
3.022
0.030525
-1.0073
-1.9841
-1.9841
-6.9902
-6.9902
-4.9756
-1.9841
0.030525
-3.022
-3.9988
1.0073
1.0073
1.0073
3.9988
3.9988
0.030525
0.030525
-3.022
1.0073
8.0281
4.9756
3.022
1.9841
3.022
1.0073
0.030525
4.9756
0.030525
1.9841
4.9756
3.022
0.030525
0.030525
1.9841
1.9841
0.030525
-1.0073
-4.9756
-8.0281
0.030525
1.0073
1.9841
1.0073
0.030525
-1.9841
-4.9756
-8.0281
-4.9756
-6.0134
-1.9841
-3.022
-1.9841
-3.9988
1.9841
6.0134
1.9841
3.022
6.0134
1.0073
0.030525
-1.0073
0.030525
-3.9988
0.030525
0.030525
1.0073
0.030525
4.9756
3.022
1.9841
3.022
0.030525
-1.0073
0.030525
-1.9841
-1.0073
-3.022
1.0073
1.0073
-8.0281
-8.0281
-3.9988
-3.9988
-1.9841
-1.9841
-3.9988
-6.9902
-9.9817
-9.0049
-6.9902
-1.9841
-4.9756
-6.9902
-11.996
-11.996
-8.0281
-8.0281
-12.973
-14.011
-29.029
-30.983
-35.989
-37.027
-38.98
-40.018
-40.995
-40.018
-38.98
-40.995
-45.024
-48.016
-43.987
-40.995
-43.01
-45.024
-50.031
-51.007
-46.001
-45.024
-46.001
-46.978
-48.016
-48.016
-42.033
-40.018
-40.995
-42.033
-35.989
-34.035
-27.991
-25.977
-25
-25
-22.009
-21.032
-16.026
-14.988
-17.002
-14.011
-9.0049
-8.0281
-6.0134
-3.9988
-6.0134
-6.9902
0.030525
-3.022
-6.0134
-3.9988
0.030525
3.022
0.030525
1.0073
6.9902
4.9756
9.0049
9.9817
12.973
14.988
9.0049
9.0049
11.02
11.996
9.9817
11.996
9.9817
6.9902
6.0134
6.9902
3.022
1.9841
9.0049
12.973
8.0281
6.9902
9.9817
6.9902
9.0049
11.02
6.9902
8.0281
6.9902
8.0281
6.0134
9.9817
12.973
11.02
9.0049
9.0049
11.02
9.9817
9.0049
9.0049
9.9817
12.973
9.0049
9.0049
8.0281
6.0134
4.9756
4.9756
6.9902
8.0281
9.0049
6.9902
9.9817
11.02
11.996
9.9817
11.02
8.0281
6.9902
6.9902
8.0281
9.0049
11.996
11.02
8.0281
11.996
19.017
22.009
30.983
34.035
40.018
42.033
46.001
48.993
51.984
56.013
59.005
59.982
66.026
66.026
69.017
68.04
66.026
67.002
69.994
67.002
61.996
63.034
61.02
64.011
61.02
59.982
58.028
51.007
43.987
42.033
43.987
43.01
38.004
37.027
32.998
32.021
22.009
22.985
6.9902
6.0134
-3.022
-9.0049
-6.9902
-16.026
-19.017
-21.032
-25.977
-27.015
-35.012
-30.006
-34.035
-35.989
-37.027
-35.989
-32.998
-30.983
-27.015
-27.991
-29.029
-22.009
-21.032
-17.979
-11.996
-14.988
-11.02
-9.9817
-3.9988
-3.022
-1.9841
-6.0134
-8.0281
-9.0049
-1.9841
1.0073
1.0073
-3.022
-3.9988
-6.0134
-8.0281
-6.0134
0.030525
-1.0073
-8.0281
-8.0281
-1.9841
0.030525
1.0073
-1.0073
1.9841
-3.022
-4.9756
-1.0073
-4.9756
-4.9756
0.030525
1.0073
-3.022
-3.9988
0.030525
-1.9841
0.030525
-3.022
3.9988
3.022
-1.9841
1.0073
-1.0073
0.030525
-1.9841
-4.9756
-6.9902
-3.9988
-1.0073
-1.9841
1.0073
-1.0073
-1.9841
-1.9841
-1.9841
-1.0073
-1.9841
-1.9841
-1.0073
-3.9988
1.0073
0.030525
-1.9841
-4.9756
-1.9841
-3.9988
-3.022
0.030525
-1.9841
-1.9841
-1.0073
-1.9841
0.030525
-1.0073
3.022
3.9988
3.9988
3.022
1.9841
3.9988
0.030525
-1.9841
-6.0134
-8.0281
-4.9756
-4.9756
-3.022
-6.0134
-1.0073
1.0073
0.030525
1.9841
3.022
1.0073
-3.9988
-3.9988
-6.0134
-6.9902
-4.9756
-3.9988
-8.0281
0.030525
0.030525
9.0049
17.002
22.009
27.015
27.015
22.985
25.977
24.023
24.023
30.983
35.012
50.031
59.005
80.006
88.004
90.995
104
106.01
106.01
102.05
98.993
85.012
80.006
59.982
51.984
35.012
27.991
9.0049
4.9756
-14.988
-21.032
-25
-32.021
-30.006
-30.983
-38.004
-38.004
-42.033
-40.995
-38.004
-38.004
-45.024
-48.016
-56.99
-58.028
-56.99
-53.999
-53.022
-46.978
-48.016
-48.993
-51.984
-51.984
-43.987
-43.987
-32.998
-30.983
-22.985
-22.009
-17.002
-14.988
-9.9817
-6.9902
-6.0134
-9.9817
-16.026
-17.979
-14.988
-14.988
-17.979
-16.026
-14.011
-14.988
-11.996
-11.02
-8.0281
-4.9756
-6.0134
-8.0281
-8.0281
-9.0049
-6.0134
-9.9817
-12.973
-12.973
-14.011
-12.973
-11.996
-11.02
-12.973
-11.996
-6.9902
-9.0049
-6.9902
-6.0134
-9.0049
-11.996
-14.011
-14.011
-12.973
-11.02
-9.9817
-8.0281
-4.9756
-6.0134
-3.9988
-3.9988
-4.9756
-3.022
-1.0073
0.030525
-1.0073
0.030525
0.030525
0.030525
1.9841
1.9841
6.0134
1.9841
4.9756
0.030525
1.0073
4.9756
6.9902
0.030525
-1.0073
1.9841
0.030525
1.0073
-1.9841
-1.9841
0.030525
0.030525
-1.9841
0.030525
1.0073
3.022
1.0073
1.0073
1.0073
1.9841
0.030525
-1.0073
-3.022
0.030525
0.030525
0.030525
3.022
1.9841
-1.0073
-3.022
0.030525
0.030525
0.030525
0.030525
0.030525
-1.9841
1.0073
3.022
3.9988
3.022
3.022
3.9988
-1.9841
-1.0073
0.030525
-1.0073
1.0073
0.030525
-1.9841
0.030525
1.0073
-1.9841
1.0073
3.022
6.0134
4.9756
0.030525
0.030525
-1.9841
-1.9841
0.030525
-3.022
-9.0049
-11.02
1.0073
3.022
3.022
1.9841
0.030525
0.030525
-1.0073
0.030525
-3.022
-4.9756
-1.9841
-1.0073
1.0073
1.9841
3.022
1.0073
3.022
1.9841
4.9756
3.022
1.0073
1.0073
-1.0073
0.030525
1.9841
0.030525
1.0073
0.030525
8.0281
9.9817
1.0073
3.022
1.0073
0.030525
-3.022
1.0073
0.030525
1.0073
1.9841
0.030525
-1.9841
-3.022
3.9988
3.022
6.0134
4.9756
0.030525
1.0073
1.9841
1.9841
3.022
6.9902
3.9988
3.9988
1.9841
1.0073
0.030525
-1.9841
-4.9756
-3.022
-3.9988
-3.9988
-6.9902
-8.0281
-9.0049
-11.02
-11.996
-11.02
-9.0049
-11.996
-9.9817
-9.9817
-3.9988
-1.0073
-3.9988
-4.9756
-3.9988
-6.0134
-1.0073
-3.9988
-8.0281
-6.9902
-1.9841
0.030525
-1.9841
-1.0073
1.9841
1.0073
1.9841
1.9841
0.030525
0.030525
-1.9841
-1.0073
-1.0073
-1.9841
3.022
4.9756
0.030525
0.030525
-3.9988
-1.0073
0.030525
-1.9841
-1.0073
-3.022
-1.9841
-1.9841
0.030525
1.9841
3.022
3.9988
14.011
14.988
9.9817
14.988
6.9902
3.9988
3.022
3.022
4.9756
3.9988
6.0134
6.0134
3.022
1.9841
1.9841
3.9988
1.0073
0.030525
0.030525
0.030525
3.022
0.030525
-1.0073
-1.0073
-3.022
-3.022
0.030525
0.030525
3.022
1.9841
3.022
12.973
14.988
17.979
12.973
11.996
11.02
11.02
8.0281
6.9902
4.9756
1.9841
0.030525
1.9841
9.0049
9.0049
8.0281
6.9902
1.9841
0.030525
0.030525
0.030525
6.0134
6.0134
9.0049
6.0134
3.022
3.9988
6.0134
4.9756
3.022
6.0134
6.9902
8.0281
11.02
14.011
19.994
19.994
24.023
24.023
19.017
14.988
19.017
19.994
19.017
19.017
9.9817
8.0281
6.9902
8.0281
3.022
3.022
6.0134
1.9841
9.0049
8.0281
4.9756
6.0134
1.9841
1.9841
1.0073
0.030525
3.022
4.9756
3.9988
3.9988
1.0073
4.9756
1.0073
0.030525
-1.0073
-3.9988
0.030525
-1.0073
1.9841
1.9841
3.9988
3.9988
1.9841
1.0073
0.030525
1.9841
0.030525
0.030525
-1.9841
0.030525
-4.9756
-6.9902
-8.0281
-8.0281
-9.9817
-8.0281
-3.9988
-1.9841
0.030525
1.9841
1.0073
1.0073
1.9841
6.0134
-1.0073
-6.0134
-12.973
-12.973
-6.9902
-4.9756
-3.022
-1.0073
1.0073
3.022
3.9988
3.9988
1.0073
-1.9841
1.0073
1.9841
3.022
1.9841
-1.9841
-1.9841
-3.022
-1.0073
1.0073
-1.0073
-1.0073
0.030525
0.030525
1.0073
4.9756
1.0073
3.9988
4.9756
8.0281
6.9902
3.9988
3.9988
0.030525
-1.9841
0.030525
0.030525
-1.9841
1.0073
-1.0073
-1.0073
1.0073
0.030525
-1.0073
-3.022
-6.0134
-6.0134
-6.9902
-8.0281
-6.0134
-6.0134
-3.022
-3.9988
-3.9988
-1.9841
-1.0073
-1.0073
-1.0073
0.030525
3.022
0.030525
3.022
4.9756
6.0134
6.0134
3.9988
3.9988
3.022
3.9988
3.9988
6.9902
6.0134
9.0049
4.9756
3.022
4.9756
3.022
0.030525
1.0073
3.022
1.0073
3.9988
1.9841
1.0073
0.030525
-1.0073
1.9841
3.022
4.9756
1.0073
1.9841
0.030525
0.030525
1.9841
1.0073
-1.9841
-1.9841
9.0049
9.9817
6.9902
9.9817
12.973
6.0134
1.9841
1.0073
1.9841
0.030525
-1.9841
0.030525
-6.0134
-6.0134
-4.9756
-3.022
0.030525
0.030525
-1.0073
0.030525
0.030525
1.9841
-1.9841
-3.022
0.030525
0.030525
1.9841
1.9841
-3.022
-4.9756
-3.022
-3.022
-8.0281
-9.0049
-12.973
-9.9817
-6.9902
-1.9841
-4.9756
-3.9988
-1.0073
0.030525
-3.022
-1.0073
-6.9902
-4.9756
0.030525
0.030525
-1.0073
-1.9841
0.030525
0.030525
-1.0073
-4.9756
-8.0281
-9.0049
-6.9902
-6.9902
-8.0281
-6.9902
0.030525
0.030525
-6.9902
-6.9902
-8.0281
-14.011
-4.9756
-4.9756
-8.0281
-6.0134
-6.9902
-6.0134
-9.0049
-11.02
-12.973
-12.973
-9.0049
-6.0134
-9.0049
-9.9817
-9.0049
-6.9902
-4.9756
-6.0134
-9.9817
-8.0281
-6.0134
-6.0134
-6.9902
-6.9902
-1.9841
0.030525
0.030525
0.030525
1.0073
1.9841
3.9988
3.022
6.0134
6.9902
4.9756
8.0281
4.9756
6.9902
4.9756
4.9756
1.9841
0.030525
-1.9841
0.030525
1.0073
-1.0073
-1.0073
-3.9988
-8.0281
-9.0049
-11.02
-9.0049
-17.002
-17.002
-19.017
-16.026
-9.9817
-9.0049
-6.9902
-8.0281
-9.0049
-9.0049
-11.02
-9.9817
-11.996
-11.02
-11.996
-9.0049
-8.0281
-11.02
-6.9902
-3.022
1.9841
3.022
3.022
1.9841
1.0073
0.030525
0.030525
3.022
6.0134
3.9988
6.9902
6.0134
3.9988
3.022
1.9841
3.9988
6.9902
8.0281
11.02
11.996
14.011
14.011
11.996
6.9902
9.0049
11.996
14.011
14.011
9.0049
6.9902
0.030525
0.030525
3.9988
4.9756
-1.0073
-1.9841
1.0073
1.9841
3.022
9.0049
6.9902
6.0134
8.0281
6.0134
6.9902
6.0134
6.9902
3.9988
0.030525
0.030525
-1.9841
-1.9841
1.0073
0.030525
-1.9841
-1.9841
0.030525
-1.0073
1.0073
-1.9841
1.9841
-1.0073
-1.9841
-1.9841
0.030525
0.030525
-3.022
-1.0073
-3.9988
-4.9756
-6.0134
-6.9902
-3.9988
-4.9756
0.030525
-3.9988
-4.9756
-1.9841
1.9841
3.022
0.030525
0.030525
-1.9841
-1.9841
-3.9988
-6.0134
-3.9988
-4.9756
-8.0281
-9.0049
-1.9841
-1.0073
-6.9902
-6.0134
-8.0281
-6.9902
-1.9841
-3.9988
-1.9841
-8.0281
-1.9841
0.030525
-1.0073
1.0073
0.030525
0.030525
0.030525
3.022
-1.0073
-1.0073
1.9841
1.9841
0.030525
0.030525
3.022
0.030525
1.9841
0.030525
1.9841
6.9902
1.9841
1.9841
8.0281
9.0049
9.0049
8.0281
6.0134
6.0134
3.9988
6.9902
6.9902
6.0134
1.0073
-1.9841
-9.9817
-11.02
-6.9902
-12.973
-16.026
-17.002
-12.973
-14.011
-16.026
-9.0049
-3.9988
-6.0134
-6.0134
0.030525
6.0134
4.9756
3.022
3.9988
3.022
1.9841
-1.0073
-4.9756
0.030525
0.030525
1.9841
4.9756
8.0281
9.0049
11.02
6.0134
3.022
1.0073
-3.9988
1.0073
1.0073
0.030525
1.9841
0.030525
3.022
4.9756
9.0049
6.9902
8.0281
9.0049
9.0049
6.9902
3.022
0.030525
-3.9988
-1.9841
-3.9988
-3.9988
-1.0073
0.030525
6.0134
6.9902
1.0073
0.030525
-1.0073
0.030525
-1.0073
1.0073
-1.0073
0.030525
0.030525
0.030525
-3.022
0.030525
1.0073
0.030525
1.0073
1.9841
0.030525
0.030525
1.0073
0.030525
1.0073
3.022
0.030525
1.9841
3.022
3.022
4.9756
3.022
3.9988
1.9841
0.030525
-1.0073
0.030525
0.030525
1.0073
0.030525
0.030525
0.030525
-4.9756
-3.9988
-3.022
-1.9841
-3.022
-3.022
-4.9756
-4.9756
-1.0073
-1.0073
1.9841
3.9988
6.0134
3.9988
3.9988
1.9841
1.0073
0.030525
-3.022
0.030525
4.9756
3.9988
1.0073
0.030525
1.9841
3.9988
1.0073
0.030525
1.0073
0.030525
8.0281
8.0281
3.022
6.0134
14.011
14.988
24.023
25
29.029
27.991
32.998
32.998
34.035
37.027
30.006
29.029
30.006
27.991
24.023
25
21.032
19.017
14.988
12.973
6.0134
1.0073
-9.9817
-14.011
-17.979
-22.985
-32.021
-32.021
-43.01
-45.024
-51.007
-53.022
-56.99
-51.007
-59.982
-59.005
-64.988
-63.034
-69.017
-71.032
-74.023
-72.985
-77.991
-76.038
-68.04
-68.04
-72.009
-72.009
-71.032
-68.04
-61.996
-61.02
-59.005
-56.99
-56.013
-53.022
-51.007
-50.031
-45.024
-43.987
-40.018
-40.018
-37.027
-35.012
-27.991
-25
-22.985
-22.985
-17.979
-14.988
-17.002
-11.996
-9.9817
-12.973
-9.0049
-11.02
-6.9902
-6.0134
-8.0281
-9.9817
-4.9756
-3.9988
-1.9841
-3.9988
0.030525
1.9841
0.030525
1.0073
1.9841
3.022
1.9841
3.022
6.9902
3.9988
11.02
11.02
9.0049
3.9988
0.030525
0.030525
1.9841
3.022
1.9841
3.9988
6.0134
6.0134
9.9817
6.0134
9.0049
9.9817
14.011
12.973
8.0281
9.0049
11.996
11.996
12.973
11.996
11.02
12.973
12.973
14.011
14.988
14.011
11.02
12.973
14.011
12.973
9.0049
12.973
16.026
17.002
16.026
14.011
6.9902
6.0134
3.9988
3.022
3.9988
4.9756
9.0049
9.0049
11.02
9.0049
11.996
12.973
9.9817
8.0281
14.988
16.026
19.994
19.994
22.985
22.985
25.977
27.991
32.021
30.983
37.027
35.989
40.018
38.98
40.018
40.995
43.01
46.001
43.987
48.016
46.001
46.978
51.007
46.001
50.031
50.031
46.001
48.993
51.007
50.031
46.978
45.024
42.033
40.995
40.018
38.98
35.989
38.98
32.998
32.998
29.029
29.029
25.977
25
34.035
32.021
27.991
27.015
24.023
22.009
14.988
16.026
14.011
17.002
14.011
12.973
11.02
9.9817
4.9756
9.9817
11.996
12.973
14.011
14.011
14.011
14.011
14.988
14.011
11.02
11.02
6.0134
3.022
0.030525
3.022
0.030525
3.022
1.0073
3.9988
9.0049
6.9902
6.9902
8.0281
4.9756
4.9756
3.022
6.9902
8.0281
6.9902
3.9988
4.9756
1.9841
1.9841
3.022
1.0073
6.0134
6.0134
3.9988
3.022
6.0134
4.9756
6.0134
4.9756
1.9841
6.0134
0.030525
-4.9756
-3.022
-1.9841
1.9841
1.0073
-3.022
-1.0073
0.030525
0.030525
1.0073
-1.0073
-3.022
-1.9841
0.030525
-3.9988
-4.9756
-3.9988
-3.022
-4.9756
-4.9756
-6.0134
-3.022
-3.9988
-4.9756
-6.9902
-4.9756
-6.9902
-6.9902
-6.9902
-11.02
-14.988
-9.9817
-4.9756
-1.0073
-6.9902
-6.0134
-6.9902
-12.973
-11.02
-11.996
-14.988
-16.026
-14.011
-8.0281
-6.9902
0.030525
1.9841
3.022
4.9756
1.9841
1.9841
-1.9841
3.9988
0.030525
1.0073
4.9756
6.0134
14.011
14.988
22.009
19.994
14.011
12.973
19.017
16.026
12.973
14.988
16.026
8.0281
4.9756
4.9756
3.022
1.9841
3.9988
6.9902
3.9988
0.030525
-1.9841
1.0073
-1.0073
-1.0073
-1.9841
0.030525
-1.0073
0.030525
1.0073
-3.022
1.0073
0.030525
-11.996
-12.973
-11.996
-12.973
-9.9817
-14.988
-6.9902
-6.9902
-6.0134
-8.0281
-9.0049
-6.9902
-8.0281
-9.0049
-6.9902
-6.0134
-4.9756
-6.9902
-9.0049
-6.9902
-4.9756
-4.9756
-3.9988
-4.9756
-3.9988
-6.9902
-9.0049
-6.9902
-6.0134
-6.0134
-4.9756
-6.0134
-3.022
-1.0073
-3.9988
0.030525
0.030525
1.0073
-1.9841
-3.9988
-9.0049
-11.02
-11.996
-14.011
-16.026
-16.026
-11.02
-11.02
-6.0134
-3.022
-6.0134
-3.022
-1.9841
-3.022
-3.9988
-3.9988
-6.9902
-8.0281
-6.0134
-3.022
-1.0073
0.030525
1.0073
1.0073
0.030525
-1.0073
-3.022
0.030525
-1.9841
1.9841
0.030525
0.030525
-3.022
-3.022
-3.022
-9.0049
-11.02
-8.0281
-6.0134
-3.022
-8.0281
-6.9902
-6.0134
-6.9902
-8.0281
-8.0281
-16.026
-19.994
-17.002
-17.002
-17.979
-19.017
-14.011
-14.988
-8.0281
-6.0134
-3.9988
-4.9756
-6.9902
-8.0281
-9.9817
-11.02
-14.011
-11.02
-9.0049
-14.011
-14.988
-11.996
-8.0281
-9.0049
-3.022
-4.9756
-6.9902
-6.9902
-4.9756
-3.9988
-1.9841
0.030525
-6.0134
-9.0049
-6.9902
-9.0049
-11.02
-11.996
-9.9817
-11.02
-9.9817
-11.02
-14.988
-16.026
-12.973
-11.02
-9.0049
-9.0049
-14.011
-6.9902
-3.022
-4.9756
0.030525
1.9841
-1.0073
-1.0073
0.030525
-1.0073
1.0073
1.9841
0.030525
0.030525
0.030525
0.030525
-1.9841
-1.9841
-3.022
-3.022
-1.9841
-3.022
-1.9841
-3.022
-8.0281
-6.0134
-8.0281
-9.9817
-9.0049
-8.0281
-9.9817
-9.0049
-6.9902
-8.0281
-4.9756
-3.9988
-3.022
-3.022
0.030525
-1.0073
0.030525
0.030525
-1.9841
-1.0073
0.030525
0.030525
0.030525
1.0073
1.0073
-4.9756
0.030525
0.030525
1.9841
1.0073
0.030525
0.030525
1.0073
1.0073
4.9756
6.0134
6.9902
11.02
8.0281
8.0281
11.02
11.02
11.996
14.011
14.988
16.026
16.026
16.026
14.011
16.026
12.973
9.9817
11.996
11.02
9.0049
9.0049
9.0049
0.030525
-1.0073
-1.9841
-1.9841
-1.0073
0.030525
0.030525
-3.9988
-3.9988
-4.9756
-1.9841
-1.0073
0.030525
1.9841
1.0073
0.030525
0.030525
3.022
3.022
6.9902
9.0049
11.996
9.0049
6.0134
4.9756
1.9841
3.022
9.9817
11.02
9.0049
9.0049
8.0281
8.0281
4.9756
6.9902
3.022
6.0134
3.022
1.0073
-1.0073
-1.9841
-3.9988
-3.022
0.030525
0.030525
-1.0073
-3.9988
-4.9756
-1.9841
-4.9756
-6.9902
-3.9988
-3.9988
-1.9841
-1.0073
-3.9988
-6.0134
-3.022
0.030525
-1.9841
-3.022
-4.9756
-3.022
-1.9841
-1.9841
0.030525
0.030525
-4.9756
-3.9988
-3.022
-3.9988
-1.0073
-3.9988
-1.9841
0.030525
1.0073
1.0073
-1.0073
0.030525
-3.022
-3.9988
1.9841
1.9841
4.9756
6.0134
1.0073
3.022
6.9902
4.9756
8.0281
8.0281
6.0134
3.9988
6.9902
6.0134
3.022
1.9841
4.9756
4.9756
6.0134
4.9756
6.9902
3.022
0.030525
0.030525
3.022
1.0073
0.030525
-3.9988
-4.9756
-4.9756
-3.022
-1.0073
0.030525
-3.022
-1.0073
-1.0073
0.030525
0.030525
-1.0073
-1.0073
0.030525
-1.0073
0.030525
-3.9988
-3.022
-6.0134
-1.0073
0.030525
1.0073
0.030525
-1.9841
-1.9841
0.030525
0.030525
-1.9841
-3.9988
-3.9988
-3.022
-3.022
-3.022
4.9756
3.9988
8.0281
9.0049
4.9756
6.0134
3.022
6.9902
4.9756
3.9988
1.0073
1.0073
1.9841
3.9988
6.0134
6.0134
1.9841
1.9841
0.030525
0.030525
-4.9756
-3.9988
0.030525
0.030525
1.0073
1.0073
3.9988
6.0134
3.9988
3.022
3.022
-1.0073
0.030525
1.0073
0.030525
1.0073
0.030525
1.9841
3.9988
0.030525
3.9988
3.022
3.9988
1.9841
3.9988
3.022
4.9756
1.9841
1.0073
1.9841
0.030525
3.022
6.0134
4.9756
8.0281
6.0134
1.0073
1.9841
6.0134
6.9902
1.0073
0.030525
-1.9841
-9.0049
-9.9817
-9.9817
-6.9902
-6.0134
-9.9817
-9.9817
-16.026
-16.026
-14.011
-17.002
-25.977
-25.977
-29.029
-22.985
-24.023
-25
-17.979
-19.017
-14.988
-14.988
-11.02
-16.026
-17.002
-19.994
-14.988
-17.002
-14.988
-12.973
-14.988
-14.011
-14.011
-16.026
-19.994
-19.994
-21.032
-22.009
-14.011
-12.973
-9.0049
-11.996
-14.011
-14.011
-8.0281
-12.973
-14.988
-9.9817
-11.996
-11.02
-9.0049
-11.02
-14.011
-12.973
-12.973
-12.973
-14.988
-12.973
-17.002
-12.973
-11.996
-14.011
-14.988
-14.988
-12.973
-14.988
-17.979
-14.988
-14.011
-14.011
-14.011
-11.996
-8.0281
-8.0281
-12.973
-11.02
-9.9817
-9.0049
-6.9902
-9.0049
-3.9988
-6.9902
-9.9817
-6.0134
-9.9817
-11.02
-11.996
-11.996
-8.0281
-9.9817
-6.0134
-4.9756
-3.9988
-6.0134
-6.9902
-6.9902
-4.9756
-4.9756
-1.9841
-1.9841
-6.0134
-4.9756
-8.0281
-3.022
3.022
0.030525
-1.9841
0.030525
1.0073
8.0281
6.0134
6.0134
3.022
1.9841
3.9988
3.9988
3.022
1.9841
-1.9841
0.030525
1.9841
3.9988
8.0281
9.9817
11.02
11.996
17.979
16.026
12.973
9.9817
6.9902
8.0281
3.022
1.9841
0.030525
3.9988
6.0134
8.0281
9.0049
8.0281
6.0134
6.0134
1.9841
0.030525
-1.0073
-1.0073
1.9841
1.0073
6.0134
6.9902
4.9756
4.9756
0.030525
0.030525
3.022
3.022
1.9841
1.0073
6.0134
6.9902
9.0049
9.0049
9.9817
9.0049
11.996
11.996
8.0281
6.9902
9.0049
9.0049
11.996
14.011
17.002
22.009
19.994
21.032
11.996
9.0049
8.0281
8.0281
12.973
12.973
16.026
17.002
19.017
17.002
14.011
16.026
17.002
17.979
11.996
11.02
9.0049
9.0049
17.002
19.017
21.032
19.994
19.017
22.009
25
9.0049
14.011
12.973
16.026
16.026
12.973
17.002
14.011
14.988
19.017
16.026
17.979
19.017
17.002
16.026
14.011
14.988
14.988
16.026
17.002
14.011
17.979
17.002
14.988
17.979
16.026
14.011
11.996
14.011
14.988
16.026
17.002
19.017
22.009
22.985
21.032
21.032
19.994
21.032
22.985
17.979
14.988
16.026
17.002
17.979
14.988
14.988
12.973
6.0134
3.9988
4.9756
0.030525
-1.9841
-6.0134
-6.9902
-4.9756
-8.0281
-11.02
-11.996
-14.011
-16.026
-17.979
-19.994
-17.979
-19.017
-17.979
-11.996
-17.979
-19.017
-14.988
-11.02
-16.026
-17.002
-9.9817
-11.02
-9.9817
-11.996
-9.0049
-11.02
-11.02
-9.9817
-11.996
-14.988
-16.026
-16.026
-19.017
-17.002
-17.002
-17.002
-12.973
-12.973
-14.988
-17.979
-14.011
-11.996
-9.0049
-12.973
-8.0281
-9.0049
-9.9817
-6.9902
-4.9756
-4.9756
-9.9817
-9.0049
-8.0281
-8.0281
-3.9988
-4.9756
-3.022
-3.9988
-4.9756
-3.9988
-1.9841
-3.022
-6.0134
-6.0134
-1.9841
-1.0073
1.0073
0.030525
1.0073
-1.0073
3.022
0.030525
0.030525
1.0073
0.030525
0.030525
0.030525
1.0073
0.030525
0.030525
1.0073
-3.022
0.030525
0.030525
-1.0073
-1.0073
3.022
4.9756
0.030525
1.0073
0.030525
0.030525
-1.9841
-1.0073
-1.9841
-1.9841
-1.0073
-3.9988
-1.0073
0.030525
-1.0073
-1.9841
0.030525
3.022
0.030525
1.0073
1.0073
-1.9841
0.030525
-1.0073
1.0073
1.9841
3.9988
3.9988
3.022
3.9988
1.9841
3.022
1.0073
0.030525
0.030525
-3.022
0.030525
-1.0073
1.0073
1.0073
4.9756
3.9988
3.022
6.0134
9.9817
11.02
35.012
46.001
55.037
89.042
105.04
106.01
108.03
106.01
102.05
96.001
82.998
76.038
58.028
48.993
38.004
30.006
6.9902
3.022
1.0073
-11.996
-19.017
-17.979
-17.002
-19.994
-25
-25
-30.006
-27.991
-30.983
-30.983
-32.998
-34.035
-25.977
-27.015
-30.006
-32.021
-38.98
-37.027
-32.998
-30.006
-27.991
-29.029
-25.977
-24.023
-21.032
-19.994
-17.979
-17.979
-16.026
-14.988
-11.996
-9.9817
-9.0049
-11.02
-8.0281
-8.0281
-11.996
-8.0281
-11.02
-9.0049
-3.022
-3.9988
-4.9756
-3.022
0.030525
0.030525
0.030525
-1.0073
1.9841
1.0073
0.030525
1.9841
3.9988
1.9841
4.9756
6.9902
0.030525
1.9841
3.9988
1.9841
0.030525
1.9841
0.030525
0.030525
1.9841
1.0073
4.9756
1.9841
4.9756
6.0134
0.030525
1.0073
1.9841
3.9988
1.0073
3.022
0.030525
0.030525
0.030525
0.030525
3.9988
1.9841
0.030525
1.9841
6.0134
6.9902
6.0134
8.0281
9.9817
11.02
14.011
16.026
24.023
22.009
22.985
27.015
25
25.977
30.006
25
17.979
21.032
16.026
14.011
8.0281
6.9902
-1.9841
-3.022
-9.0049
-8.0281
-8.0281
-11.996
-11.02
-9.0049
-6.9902
-8.0281
-6.9902
-9.0049
-11.996
-14.011
-14.988
-19.017
-16.026
-19.017
-16.026
-19.994
-22.009
-21.032
-19.017
-16.026
-11.996
-12.973
-11.02
-9.9817
-11.02
-9.9817
-6.0134
-6.9902
-8.0281
-11.996
-8.0281
-9.9817
-9.0049
-9.0049
-9.9817
-9.0049
-8.0281
-6.9902
-4.9756
-6.9902
-6.0134
-8.0281
-9.9817
-8.0281
-9.0049
-6.0134
0.030525
0.030525
-1.9841
-3.9988
-1.0073
-8.0281
-3.9988
-3.022
-1.0073
0.030525
-3.022
-3.9988
-1.9841
-1.0073
-1.9841
0.030525
-1.0073
0.030525
-1.0073
-1.0073
-3.9988
-3.9988
-6.9902
-9.0049
-3.9988
-3.9988
-4.9756
-3.9988
-6.9902
-4.9756
-3.9988
-9.9817
-6.9902
-6.0134
1.0073
1.9841
-1.9841
0.030525
1.0073
-1.9841
-25.977
-34.035
-51.984
-59.982
-69.017
-72.009
-71.032
-56.99
-45.024
-42.033
-32.998
-30.006
-27.991
-24.023
-21.032
-19.017
-11.996
-14.011
-9.9817
-9.0049
-6.0134
-3.9988
-3.022
-3.9988
-1.9841
-3.9988
1.9841
0.030525
-1.9841
0.030525
1.9841
1.0073
3.022
3.9988
6.0134
4.9756
9.9817
9.9817
9.9817
11.996
9.9817
9.9817
8.0281
4.9756
9.0049
9.9817
12.973
9.9817
11.996
11.02
11.02
11.996
12.973
14.988
14.011
9.0049
11.996
9.9817
8.0281
6.9902
6.0134
8.0281
9.9817
9.9817
11.02
11.02
6.9902
3.022
6.0134
4.9756
3.9988
3.022
0.030525
1.0073
3.022
3.022
9.0049
9.9817
6.9902
4.9756
1.0073
6.0134
6.0134
6.0134
8.0281
9.0049
9.9817
3.9988
1.9841
3.022
1.9841
-3.022
1.0073
1.9841
0.030525
0.030525
1.0073
0.030525
6.0134
6.9902
9.0049
3.9988
9.9817
12.973
9.0049
6.9902
3.022
4.9756
3.022
1.0073
3.022
1.0073
3.022
1.0073
0.030525
0.030525
3.022
0.030525
4.9756
3.9988
0.030525
0.030525
3.9988
1.0073
0.030525
1.9841
9.9817
8.0281
3.9988
6.0134
4.9756
1.0073
3.022
4.9756
6.9902
3.022
4.9756
3.022
6.0134
4.9756
0.030525
0.030525
-3.022
0.030525
-1.0073
0.030525
0.030525
0.030525
-1.9841
3.022
-1.0073
0.030525
-1.9841
0.030525
-1.0073
0.030525
-1.9841
0.030525
-3.022
1.0073
0.030525
0.030525
3.022
6.9902
3.022
4.9756
4.9756
4.9756
6.0134
3.022
4.9756
6.9902
3.9988
3.022
0.030525
1.0073
-3.022
-1.0073
0.030525
-1.9841
1.0073
0.030525
-3.022
-1.0073
-3.022
0.030525
3.9988
6.0134
3.9988
3.022
0.030525
-1.9841
9.9817
6.9902
4.9756
6.0134
9.0049
9.0049
6.0134
11.02
6.0134
6.0134
9.9817
11.02
14.988
12.973
4.9756
3.9988
3.022
1.9841
1.0073
3.022
0.030525
-1.9841
1.9841
1.0073
3.022
1.9841
-1.9841
-1.9841
0.030525
0.030525
0.030525
0.030525
1.0073
0.030525
3.022
3.9988
3.022
0.030525
1.9841
1.9841
3.9988
6.9902
3.9988
4.9756
8.0281
3.9988
0.030525
0.030525
1.9841
1.9841
1.0073
-1.0073
-3.022
-3.022
1.0073
3.022
4.9756
3.022
6.0134
1.9841
4.9756
4.9756
3.9988
3.9988
1.9841
1.0073
3.9988
3.022
1.9841
1.0073
0.030525
-1.0073
-1.9841
-3.022
-1.9841
-1.0073
-4.9756
-3.022
0.030525
-1.9841
-3.9988
-3.022
-3.9988
-1.9841
-1.0073
-1.0073
0.030525
0.030525
-1.0073
1.0073
3.022
3.9988
1.0073
-6.9902
-14.011
-27.015
-42.033
-43.987
-40.018
-37.027
-30.983
-30.006
-27.015
-24.023
-17.979
-19.017
-16.026
-14.988
-11.02
-9.9817
-9.0049
-6.9902
-9.0049
-3.022
-4.9756
-3.022
-1.9841
-1.0073
1.9841
1.9841
0.030525
-1.0073
-3.9988
-6.0134
-3.022
-1.0073
1.0073
1.0073
-1.0073
0.030525
1.9841
-1.9841
0.030525
1.9841
3.9988
8.0281
9.9817
9.0049
11.996
9.9817
1.9841
0.030525
1.0073
14.988
17.002
19.017
22.009
25.977
22.009
22.009
25.977
21.032
16.026
11.996
11.02
9.0049
6.0134
11.02
9.9817
14.988
8.0281
4.9756
1.9841
1.0073
3.022
4.9756
6.0134
4.9756
3.022
3.022
1.0073
3.9988
8.0281
3.9988
3.9988
9.0049
3.9988
3.022
1.9841
0.030525
3.9988
0.030525
6.0134
11.02
12.973
11.02
17.979
16.026
19.017
14.988
12.973
11.02
9.9817
9.0049
9.9817
6.9902
4.9756
8.0281
4.9756
4.9756
1.0073
0.030525
0.030525
0.030525
3.022
3.022
1.9841
0.030525
0.030525
0.030525
-1.9841
0.030525
3.022
1.9841
0.030525
1.9841
-4.9756
-3.9988
-3.022
-4.9756
-6.9902
-6.0134
-1.9841
0.030525
-1.9841
-1.0073
1.0073
0.030525
3.022
1.0073
-3.9988
-3.9988
0.030525
-1.0073
-3.9988
-14.011
-9.0049
-9.9817
-8.0281
-11.02
-6.9902
-3.022
0.030525
1.0073
0.030525
1.0073
-1.9841
0.030525
-1.0073
-1.9841
-3.022
-3.9988
0.030525
0.030525
-8.0281
-9.0049
-11.02
-9.9817
-3.9988
-3.022
-1.0073
-1.0073
-3.9988
-1.9841
-3.022
-3.022
-3.022
1.0073
1.9841
1.9841
1.0073
1.9841
0.030525
0.030525
-3.9988
-3.9988
-3.022
-4.9756
-3.022
-3.9988
0.030525
-1.0073
-3.9988
-4.9756
-4.9756
